#temp rho
0  0,99984
1  0,99990
2  0,99994
3  0,99996
4  0,99997
5  0,99996
6  0,99994
7  0,99990
8  0,99985
9  0,99978
10 0,99970
11 0,99961
12 0,99950
13 0,99938
14 0,99924
15 0,99910
16 0,99894
17 0,99878
18 0,99860
19 0,99841
20 0,99821
21 0,99799
22 0,99777
23 0,99754
24 0,99730
25 0,99705
26 0,99679
27 0,99652
28 0,99624
29 0,99596
30 0,99565
35 0,9940
40 0,9922
45 0,9902
50 0,9880
55 0,9857
60 0,9832
65 0,9806
70 0,9778
75 0,9749
80 0,9718
85 0,9686
90 0,9653
95 0,9619
100 0,9583