#x N
  1  905
  2 1017
  3  983
  4 1075
  5  955
  6 1004
  7  916
  8  952
  9 1021
 10 1008
 11  989
 12  933
 13 1065
 14 1015
 15 1038
 16 1043
 17  973
 18  931
 19 1029
 20  985
 21 1016
 22 1020
 23 1004
 24  967
 25  977
 26 1022
 27 1009
 28 1037
 29 1035
 30  974
 31 1005
 32  985
 33 1010
 34  936
 35  949
 36  964
 37  947
 38 1057
 39 1069
 40 1015
 41 1001
 42  962
 43  912
 44  960
 45 1002
 46  927
 47  973
 48  954
 49 1028
 50 1065
 51  941
 52 1027
 53 1014
 54  980
 55 1040
 56  987
 57  995
 58 1082
 59  957
 60 1066
 61 1024
 62 1002
 63 1095
 64 1029
 65 1032
 66 1007
 67  968
 68  920
 69 1011
 70 1036
 71  972
 72  977
 73 1037
 74  951
 75  960
 76 1070
 77  929
 78  950
 79  913
 80  997
 81 1044
 82  965
 83 1029
 84  981
 85  956
 86  956
 87  964
 88 1023
 89  995
 90 1073
 91 1009
 92  959
 93 1008
 94 1017
 95 1025
 96  979
 97  949
 98 1013
 99  956
100  993