#f u
 0.00 0.01
10.00 0.01
20.00 0.01
25.00 0.02
27.00 0.02
28.50 0.03
29.50 0.04
30.00 0.05
30.50 0.07
31.00 0.11
31.20 0.15
31.30 0.18
31.40 0.21
31.50 0.27
31.55 0.32
31.60 0.37
31.65 0.44
31.70 0.54
31.75 0.68
31.80 0.83
31.85 0.90
31.90 0.82
31.95 0.67
32.00 0.54
32.05 0.44
32.10 0.37
32.15 0.31
32.20 0.27
32.30 0.21
32.40 0.18
32.50 0.15
32.60 0.13
32.70 0.12
32.80 0.10
33.00 0.09
33.50 0.06
34.00 0.05
34.50 0.04
35.00 0.03
35.50 0.03
36.00 0.03
37.00 0.02
38.00 0.02
40.00 0.02